10
1: 8 2 10 1 3 9 5 7 4 6
2: 8 2 5 3 1 10 4 9 7 6
3: 10 6 3 8 9 1 5 4 2 7
4: 3 5 9 7 2 1 6 10 4 8
5: 1 6 4 10 5 7 3 2 8 9
6: 4 10 8 3 6 2 9 1 7 5
7: 6 7 10 8 9 4 2 5 1 3
8: 2 10 4 6 1 7 8 9 3 5
9: 8 4 3 1 9 2 5 10 6 7
10: 7 1 4 3 10 9 2 5 8 6
1: 9 2 6 7 5 10 4 1 3 8
2: 1 4 10 3 7 8 9 5 6 2
3: 1 4 8 3 7 5 2 10 9 6
4: 6 4 8 2 1 7 5 10 3 9
5: 2 6 4 3 7 10 8 5 1 9
6: 3 8 4 2 1 7 9 10 5 6
7: 2 7 8 6 5 10 9 3 4 1
8: 8 5 1 2 9 4 3 10 6 7
9: 4 5 10 9 7 2 3 8 1 6
10: 6 2 8 5 7 10 4 9 1 3

instance parameter information
numMenOrWomen: 10
minLenPref: 10
maxLenPref: 10
skew: 0

