10
1: 6 3 8 1 4 9 5 2 7 10
2: 10 1 4 9 6 3 5 2 8 7
3: 1 2 6 5 8 9 4 10 7 3
4: 5 1 9 6 7 3 8 2 4 10
5: 4 5 10 2 8 3 7 6 9 1
6: 7 2 4 6 5 8 3 9 10 1
7: 3 8 2 1 9 10 6 7 5 4
8: 4 6 9 8 1 3 2 10 5 7
9: 7 10 9 3 6 2 4 8 5 1
10: 3 5 4 6 8 7 1 10 9 2
1: 2 6 5 8 10 9 3 1 4 7
2: 2 4 7 5 1 3 9 8 10 6
3: 6 8 5 3 4 10 2 1 7 9
4: 9 8 4 10 5 2 3 1 6 7
5: 9 5 4 6 8 1 3 2 10 7
6: 10 5 2 6 4 9 7 8 3 1
7: 10 4 9 8 3 6 1 2 5 7
8: 4 2 10 8 1 6 5 7 9 3
9: 3 9 7 2 5 8 6 10 1 4
10: 7 9 2 8 1 10 3 5 6 4

instance parameter information
numMenOrWomen: 10
minLenPref: 10
maxLenPref: 10
skew: 0

