10
1: 4 3 2 1 6 10 8 5 9 7
2: 3 6 10 8 1 9 5 7 2 4
3: 2 7 3 8 6 1 5 9 4 10
4: 3 7 10 4 6 9 5 1 2 8
5: 7 6 5 1 9 3 10 4 2 8
6: 6 2 7 4 10 9 8 1 5 3
7: 5 9 7 10 1 2 3 8 4 6
8: 8 2 6 7 4 1 9 5 10 3
9: 5 10 2 9 3 4 8 1 7 6
10: 5 3 6 8 4 2 9 1 7 10
1: 3 4 2 5 1 9 8 10 7 6
2: 7 6 9 10 8 2 1 5 3 4
3: 3 5 9 6 1 8 2 10 7 4
4: 3 1 8 6 2 7 4 10 9 5
5: 9 5 7 1 4 10 6 8 3 2
6: 7 4 9 10 2 5 1 3 6 8
7: 2 1 7 9 5 3 6 4 10 8
8: 3 5 6 4 8 10 2 9 1 7
9: 10 7 8 1 4 6 3 2 5 9
10: 9 3 5 6 4 1 7 2 10 8

instance parameter information
numMenOrWomen: 10
minLenPref: 10
maxLenPref: 10
skew: 0

