10
1: 6 8 4 9 5 2 7 1 3 10
2: 10 1 9 2 3 5 4 7 8 6
3: 10 1 4 7 6 9 8 5 3 2
4: 3 5 9 6 7 4 2 8 10 1
5: 8 7 1 2 6 5 9 4 10 3
6: 7 4 9 2 3 10 6 5 8 1
7: 10 6 8 5 9 3 1 4 2 7
8: 3 8 2 7 9 4 6 5 1 10
9: 4 5 8 3 6 2 9 7 10 1
10: 3 2 8 10 6 9 5 4 1 7
1: 2 3 9 5 4 10 7 1 6 8
2: 3 8 2 7 4 6 1 5 9 10
3: 6 4 3 2 9 8 10 1 7 5
4: 6 2 4 3 5 1 9 8 7 10
5: 6 3 2 4 7 1 8 10 5 9
6: 10 1 3 7 6 8 9 2 4 5
7: 10 9 8 5 4 2 6 7 3 1
8: 2 9 7 6 1 8 10 4 3 5
9: 5 9 2 6 1 3 4 7 8 10
10: 3 5 9 8 2 10 1 4 6 7

instance parameter information
numMenOrWomen: 10
minLenPref: 10
maxLenPref: 10
skew: 0

