10
1: 1 8 9 2 6 5 4 7 10 3
2: 3 9 4 1 8 10 7 5 6 2
3: 3 9 6 8 4 5 2 7 1 10
4: 4 7 1 10 9 3 8 6 2 5
5: 1 9 5 10 2 8 6 7 4 3
6: 4 7 2 8 6 9 5 10 1 3
7: 3 9 4 2 8 5 7 6 1 10
8: 1 7 10 8 6 2 3 9 5 4
9: 7 4 9 2 5 3 1 6 8 10
10: 10 9 4 7 3 6 5 8 2 1
1: 1 10 7 2 6 3 9 4 5 8
2: 3 4 6 2 9 5 1 7 10 8
3: 1 5 7 6 9 4 8 2 3 10
4: 7 2 8 3 10 1 4 5 6 9
5: 9 10 3 1 5 8 2 7 4 6
6: 7 10 3 1 9 8 6 5 2 4
7: 6 2 7 9 10 3 1 5 8 4
8: 8 10 7 2 9 1 6 3 5 4
9: 3 8 5 2 10 7 9 6 1 4
10: 6 2 1 9 8 5 10 4 7 3

instance parameter information
numMenOrWomen: 10
minLenPref: 10
maxLenPref: 10
skew: 0

